R 0
202 32 224 2 32 225 6 
R 1
202 21 243 7 21 244 2 
R 2
202 22 163 2 22 164 6 
R 3
202 38 123 4 38 124 3 
R 4
202 21 152 4 21 153 5 
R 5
202 20 77 2 20 78 6 
R 6
202 56 197 4 56 198 4 
R 7
202 57 168 2 57 169 2 58 168 3 
R 8
202 24 149 5 24 150 3 
R 9
202 32 107 6 32 108 2 
R 10
202 49 180 2 49 181 6 
R 11
202 32 162 6 32 163 2 32 164 8 32 165 7 
R 12
202 54 176 4 54 177 4 
R 13
202 33 248 5 33 249 3 33 250 9 33 251 2 
R 14
202 44 234 2 44 235 7 
R 15
202 43 226 2 43 227 6 
R 16
202 23 98 6 23 99 1 
R 17
202 31 88 1 31 89 7 31 90 1 
R 18
202 49 265 1 50 264 6 
R 19
202 24 170 4 24 171 3 
R 20
202 37 192 1 37 193 7 37 194 1 
R 21
202 35 230 4 35 231 1 36 230 2 
R 22
202 20 84 6 20 85 2 
R 23
202 20 109 4 20 110 4 
R 24
202 31 139 1 31 140 6 31 141 1 
R 25
202 35 171 4 36 171 8 37 170 3 38 170 2 38 171 3 38 172 4 39 171 2 39 172 7 
R 26
202 44 68 3 44 69 5 
R 27
202 50 158 6 50 159 2 
R 28
202 41 195 3 41 196 8 
R 29
202 50 223 2 50 224 2 51 223 3 
R 30
202 53 120 1 53 121 7 
R 31
202 54 160 3 54 161 7 55 155 2 55 156 9 55 157 3 55 158 2 
R 32
202 33 172 2 33 173 2 34 172 3 
R 33
202 45 105 4 46 104 1 46 105 2 
R 34
202 59 229 11 59 230 7 60 229 2 
R 35
202 23 83 7 23 84 1 
R 36
202 30 146 2 30 147 6 
R 37
202 45 116 2 45 117 6 
R 38
202 58 245 3 58 246 5 
R 39
202 53 171 5 53 172 3 
R 40
202 38 214 1 38 215 7 
R 41
202 24 272 4 24 273 4 
R 42
202 27 229 7 27 230 7 
R 43
202 38 123 1 38 124 7 
R 44
202 20 199 3 20 200 5 
R 45
202 34 127 5 34 128 3 
R 46
202 24 241 5 24 242 2 
R 47
202 56 128 1 56 129 6 
R 48
202 46 190 6 46 191 2 
R 49
202 24 268 6 24 269 2 
R 50
202 55 173 3 56 172 4 
R 51
202 56 171 3 56 172 5 
R 52
202 55 264 2 56 263 9 
R 53
202 24 142 2 25 141 6 
R 54
202 57 200 1 57 201 7 
R 55
202 43 80 6 43 81 2 
R 56
202 40 189 3 40 190 6 
R 57
202 40 245 5 40 246 3 
R 58
202 20 230 2 20 231 6 
R 59
202 41 67 6 41 68 6 
R 60
202 58 139 4 58 140 4 
R 61
202 36 129 1 36 130 7 36 131 1 
R 62
202 26 162 3 26 163 4 
R 63
202 28 215 3 28 216 4 
R 64
202 31 213 2 31 214 6 
R 65
202 20 86 7 20 87 1 
R 66
202 38 260 4 38 261 4 
R 67
202 58 185 4 58 186 8 58 187 4 
R 68
202 44 144 6 44 145 2 
R 69
202 47 96 2 47 97 6 
R 70
202 50 163 5 50 164 2 
R 71
202 18 195 6 18 196 2 20 187 11 20 188 8 
R 72
202 27 109 5 28 108 3 
R 73
202 38 185 6 38 186 2 
R 74
202 19 158 4 19 159 3 
R 75
202 37 90 2 37 91 6 
R 76
202 25 128 3 25 129 5 
R 77
202 33 205 5 33 206 4 
R 78
202 25 201 4 25 202 6 25 203 10 
R 79
202 45 65 6 45 66 1 
R 80
202 23 171 1 23 172 7 23 173 1 
R 81
202 32 258 4 33 257 2 33 258 2 
R 82
202 36 232 3 36 233 5 
R 83
202 41 107 2 42 106 6 
R 84
202 22 130 3 22 131 3 22 132 2 23 142 1 23 143 7 23 144 1 
R 85
202 40 236 1 40 237 6 40 238 1 
R 86
202 33 79 2 33 80 2 34 79 3 
R 87
202 23 92 6 23 93 3 23 94 2 23 95 5 23 96 4 
R 88
202 46 81 1 46 82 7 
R 89
202 51 130 3 51 131 4 52 130 1 
R 90
202 22 114 5 22 115 2 
R 91
202 34 178 3 35 177 2 35 178 3 
R 92
202 30 259 3 30 260 5 
R 93
202 31 205 1 32 204 5 32 205 2 
R 94
202 34 72 6 34 73 1 
R 95
202 58 113 4 58 114 4 
R 96
202 25 267 6 25 268 1 
R 97
202 53 78 1 53 79 7 53 80 1 53 83 6 
R 98
202 48 238 3 48 239 5 
R 99
202 37 137 3 37 138 4 
