R 0
300 480 144 1 481 143 1 481 144 1 
301 480 144 1 481 143 1 481 144 1 
302 480 144 1 481 143 1 481 144 1 
303 481 144 1 
304 481 144 1 
305 481 144 1 
R 1
300 336 105 1 336 106 1 
301 336 105 1 336 106 1 
302 336 105 1 336 106 1 
303 335 106 1 336 105 1 336 106 1 
304 335 106 1 336 105 1 336 106 1 
305 335 106 1 336 105 1 336 106 1 
R 2
300 345 313 1 345 314 1 346 313 1 346 314 1 
301 345 313 1 345 314 1 346 313 1 
302 345 313 1 345 314 1 346 313 1 
303 345 313 1 346 313 1 
304 345 313 1 346 313 1 
305 345 313 1 346 313 1 
R 3
300 554 404 1 554 405 1 
301 554 404 1 554 405 1 
302 554 404 1 554 405 1 
303 554 405 1 555 405 1 555 406 1 
304 554 405 1 555 405 1 555 406 1 
305 554 405 1 555 405 1 555 406 1 
R 4
300 335 343 1 335 344 1 336 343 1 336 344 1 
301 335 343 1 335 344 1 336 343 1 336 344 1 
302 335 343 1 335 344 1 336 343 1 336 344 1 
303 335 343 1 335 344 1 336 343 1 336 344 1 
304 335 343 1 335 344 1 336 344 1 
305 335 343 1 335 344 1 336 343 1 336 344 1 
R 5
300 320 540 1 320 541 1 321 540 1 321 541 1 
301 320 540 1 320 541 1 321 540 1 321 541 1 
302 320 540 1 320 541 1 321 540 1 321 541 1 
303 321 541 1 
304 321 541 1 
305 321 541 1 
R 6
300 792 193 1 792 194 1 793 193 1 793 194 1 
301 792 194 1 793 193 1 793 194 1 
302 792 194 1 793 193 1 793 194 1 
303 792 194 1 793 193 1 793 194 1 
304 792 194 1 793 193 1 793 194 1 
305 792 194 1 793 193 1 793 194 1 
R 7
300 811 269 1 812 269 1 
301 811 269 1 812 269 1 
302 811 269 1 812 269 1 
303 811 269 1 812 269 1 
304 811 269 1 812 269 1 
305 811 269 1 
R 8
300 376 349 1 
301 376 349 1 
302 376 349 1 377 349 1 
303 376 349 1 377 349 1 377 350 1 
304 377 349 1 
305 377 349 1 
R 9
300 472 453 1 
301 472 453 1 
302 472 453 1 
303 472 453 1 
304 472 453 1 
305 472 453 1 
R 10
300 696 244 1 696 245 1 697 244 1 
301 696 244 1 696 245 1 697 244 1 697 245 1 
302 696 244 1 696 245 1 697 244 1 697 245 1 
303 696 244 1 696 245 1 
304 696 244 1 696 245 1 
305 696 244 1 696 245 1 
R 11
300 481 307 1 481 308 1 482 308 1 
301 481 307 1 481 308 1 482 307 1 482 308 1 
302 481 307 1 481 308 1 482 308 1 
303 481 308 1 
304 481 308 1 
305 481 308 1 
R 12
300 764 250 1 764 251 1 765 251 1 
301 764 250 1 764 251 1 765 250 1 765 251 1 
302 764 250 1 764 251 1 765 251 1 
303 764 251 1 765 251 1 
304 764 251 1 765 251 1 
305 764 251 1 765 251 1 
R 13
300 490 76 1 490 77 1 
301 490 76 1 490 77 1 
302 490 76 1 490 77 1 
303 489 76 1 489 77 1 490 76 1 490 77 1 
304 489 77 1 490 76 1 490 77 1 
305 489 77 1 490 77 1 
R 14
300 638 106 1 638 107 1 
301 638 106 1 638 107 1 
302 638 106 1 638 107 1 
303 638 106 1 638 107 1 
304 637 106 1 638 106 1 638 107 1 
305 637 106 1 637 107 1 638 106 1 638 107 1 
R 15
300 624 128 1 624 129 1 
301 624 128 1 624 129 1 
302 624 128 1 624 129 1 
303 624 128 1 624 129 1 
304 624 128 1 624 129 1 
305 624 128 1 624 129 1 
R 16
300 364 484 1 364 485 1 
301 364 484 1 364 485 1 
302 364 484 1 364 485 1 
303 364 484 1 364 485 1 365 485 1 
304 364 484 1 364 485 1 365 485 1 
305 364 484 1 364 485 1 365 485 1 
R 17
300 467 501 1 
301 467 501 1 
302 467 501 1 
303 467 501 1 
304 466 501 1 466 502 1 467 501 1 467 502 1 
305 466 501 1 467 501 1 467 502 1 
R 18
300 707 25 1 708 24 1 708 25 1 
301 707 24 1 707 25 1 708 24 1 708 25 1 
302 707 24 1 707 25 1 708 24 1 708 25 1 
303 708 24 1 708 25 1 
304 708 24 1 708 25 1 
305 708 24 1 708 25 1 
R 19
300 367 294 1 367 295 1 368 294 1 
301 367 294 1 367 295 1 368 294 1 368 295 1 
302 367 294 1 367 295 1 368 294 1 
303 367 294 1 367 295 1 368 294 1 
304 367 294 1 367 295 1 368 294 1 368 295 1 
305 367 294 1 367 295 1 368 294 1 368 295 1 
R 20
300 539 223 1 
301 539 223 1 
302 539 223 1 
303 538 223 1 538 224 1 539 223 1 539 224 1 
304 538 223 1 539 223 1 539 224 1 
305 538 223 1 539 223 1 539 224 1 
R 21
300 522 127 1 523 126 1 523 127 1 
301 522 126 1 522 127 1 523 126 1 523 127 1 
302 522 126 1 522 127 1 523 126 1 523 127 1 
303 522 127 1 523 127 1 
304 522 127 1 523 127 1 
305 522 127 1 523 127 1 
R 22
300 320 524 1 
301 320 524 1 
302 320 524 1 321 524 1 
303 320 523 1 320 524 1 321 524 1 
304 320 523 1 320 524 1 321 524 1 
305 320 523 1 320 524 1 321 524 1 
R 23
300 321 457 1 321 458 1 322 457 1 322 458 1 
301 321 457 1 321 458 1 322 457 1 322 458 1 
302 321 457 1 321 458 1 322 457 1 322 458 1 
303 322 457 1 322 458 1 
304 322 457 1 322 458 1 
305 322 457 1 322 458 1 
R 24
300 460 367 1 460 368 1 461 368 1 
301 460 367 1 460 368 1 461 367 1 461 368 1 
302 460 367 1 460 368 1 461 368 1 
303 460 368 1 461 368 1 
304 460 368 1 461 368 1 
305 460 368 1 461 368 1 
R 25
300 568 276 1 568 277 1 
301 568 276 1 568 277 1 
302 568 276 1 568 277 1 
303 568 276 1 568 277 1 569 277 1 
304 568 276 1 568 277 1 569 277 1 
305 568 276 1 568 277 1 569 277 1 
R 26
300 635 543 1 636 543 1 
301 635 543 1 636 543 1 
302 635 543 1 636 543 1 
303 635 543 1 636 543 1 
304 635 543 1 636 543 1 
305 635 543 1 636 543 1 
R 27
300 710 302 1 710 303 1 
301 710 302 1 710 303 1 
302 710 302 1 710 303 1 
303 710 302 1 710 303 1 
304 710 302 1 710 303 1 
305 710 302 1 710 303 1 
R 28
300 594 212 1 594 213 1 595 212 1 595 213 1 
301 594 212 1 594 213 1 595 212 1 
302 594 212 1 594 213 1 595 212 1 
303 594 212 1 
304 594 212 1 
305 594 212 1 
R 29
300 719 131 1 720 131 1 720 132 1 
301 719 131 1 719 132 1 720 131 1 720 132 1 
302 719 131 1 719 132 1 720 131 1 720 132 1 
303 719 131 1 719 132 1 720 131 1 720 132 1 
304 719 131 1 720 131 1 720 132 1 
305 719 131 1 719 132 1 720 131 1 720 132 1 
R 30
300 751 397 1 751 398 1 752 398 1 
301 751 397 1 751 398 1 752 398 1 
302 751 397 1 751 398 1 752 397 1 752 398 1 
303 751 397 1 751 398 1 
304 751 397 1 751 398 1 
305 751 397 1 751 398 1 
R 31
300 769 291 1 769 292 1 770 291 1 770 292 1 
301 769 291 1 769 292 1 770 291 1 770 292 1 
302 769 291 1 769 292 1 770 291 1 770 292 1 
303 769 291 1 769 292 1 
304 769 291 1 769 292 1 
305 769 291 1 769 292 1 
R 32
300 496 280 1 496 281 1 497 280 1 
301 496 280 1 496 281 1 497 280 1 497 281 1 
302 496 280 1 496 281 1 497 280 1 497 281 1 
303 496 280 1 496 281 1 497 280 1 497 281 1 
304 496 280 1 496 281 1 497 281 1 
305 496 280 1 496 281 1 497 281 1 
R 33
300 654 446 1 654 447 1 
301 654 446 1 654 447 1 
302 654 446 1 654 447 1 
303 654 446 1 654 447 1 
304 654 446 1 654 447 1 
305 654 446 1 654 447 1 
R 34
300 837 107 1 837 108 1 838 107 1 
301 837 107 1 837 108 1 838 107 1 838 108 1 
302 837 107 1 837 108 1 838 107 1 
303 837 107 1 837 108 1 
304 837 107 1 
305 837 107 1 
R 35
300 358 524 1 359 524 1 
301 358 524 1 359 524 1 
302 358 524 1 359 524 1 
303 358 524 1 358 525 1 359 524 1 359 525 1 
304 358 524 1 359 524 1 359 525 1 
305 358 524 1 358 525 1 359 524 1 359 525 1 
R 36
300 449 350 1 449 351 1 450 350 1 450 351 1 
301 449 350 1 449 351 1 450 350 1 450 351 1 
302 449 350 1 449 351 1 450 350 1 450 351 1 
303 449 350 1 449 351 1 450 350 1 450 351 1 
304 449 350 1 449 351 1 450 350 1 450 351 1 
305 449 350 1 449 351 1 450 351 1 
R 37
300 651 415 1 651 416 1 652 415 1 652 416 1 
301 651 415 1 651 416 1 652 415 1 652 416 1 
302 651 414 1 651 415 1 652 414 1 652 415 1 
303 651 414 1 651 415 1 652 414 1 652 415 1 
304 651 414 1 651 415 1 652 414 1 652 415 1 
305 651 414 1 651 415 1 652 414 1 652 415 1 
R 38
300 819 65 1 819 66 1 
301 819 65 1 819 66 1 
302 819 65 1 819 66 1 
303 819 65 1 819 66 1 
304 819 65 1 819 66 1 
305 819 65 1 819 66 1 
R 39
300 753 265 1 
301 753 265 1 
302 753 265 1 
303 752 265 1 752 266 1 753 265 1 753 266 1 
304 752 265 1 752 266 1 753 265 1 753 266 1 
305 752 265 1 753 265 1 753 266 1 
R 40
300 557 164 1 557 165 1 558 164 1 558 165 1 
301 557 164 1 558 164 1 558 165 1 
302 557 164 1 557 165 1 558 164 1 558 165 1 
303 557 163 1 557 164 1 558 163 1 558 164 1 
304 557 163 1 557 164 1 558 163 1 558 164 1 
305 557 163 1 557 164 1 558 163 1 558 164 1 
R 41
300 376 25 1 376 26 1 
301 376 25 1 376 26 1 
302 376 25 1 376 26 1 
303 376 25 1 376 26 1 
304 376 25 1 376 26 1 
305 376 26 1 
R 42
300 409 136 1 409 137 1 410 137 1 
301 409 136 1 409 137 1 410 137 1 
302 409 136 1 409 137 1 410 137 1 
303 409 136 1 409 137 1 410 136 1 410 137 1 
304 409 136 1 409 137 1 410 136 1 410 137 1 
305 409 136 1 409 137 1 410 137 1 
R 43
300 557 403 1 558 403 1 
301 557 403 1 558 403 1 
302 557 403 1 558 403 1 
303 557 403 1 557 404 1 558 403 1 558 404 1 
304 557 403 1 558 403 1 558 404 1 
305 557 403 1 558 403 1 558 404 1 605 400 1 605 401 1 606 400 1 606 401 1 
R 44
300 314 221 1 315 221 1 
301 314 221 1 315 221 1 
302 314 221 1 314 222 1 315 221 1 315 222 1 
303 314 221 1 314 222 1 315 221 1 315 222 1 
304 315 221 1 
305 315 221 1 
R 45
300 501 398 1 502 398 1 502 399 1 
301 501 398 1 501 399 1 502 398 1 502 399 1 
302 501 398 1 502 398 1 502 399 1 
303 502 398 1 
304 502 398 1 
305 502 398 1 
R 46
300 367 108 1 367 109 1 368 108 1 368 109 1 
301 367 108 1 367 109 1 368 108 1 368 109 1 
302 367 108 1 367 109 1 368 108 1 
303 367 108 1 
304 367 108 1 
305 367 108 1 
R 47
300 790 375 1 790 376 1 
301 790 375 1 
302 789 375 1 790 375 1 
303 787 373 1 787 374 1 788 373 1 788 374 1 
304 787 373 1 788 373 1 
305 787 372 1 787 373 1 788 373 1 
R 48
300 662 222 1 
301 662 222 1 
302 662 222 1 
303 661 221 1 661 222 1 662 221 1 662 222 1 
304 661 222 1 662 221 1 662 222 1 
305 661 221 1 661 222 1 662 221 1 662 222 1 
R 49
300 375 37 1 376 37 1 
301 375 37 1 376 37 1 
302 375 37 1 376 37 1 
303 375 37 1 376 37 1 
304 375 37 1 376 37 1 
305 375 37 1 376 37 1 
R 50
300 785 260 1 786 259 1 786 260 1 
301 785 259 1 785 260 1 786 259 1 786 260 1 
302 785 259 1 785 260 1 786 259 1 786 260 1 
303 786 260 1 
304 786 260 1 
305 786 260 1 
R 51
300 793 260 1 793 261 1 794 260 1 794 261 1 
301 793 260 1 793 261 1 794 260 1 794 261 1 
302 793 261 1 793 262 1 794 261 1 794 262 1 
303 793 262 1 794 261 1 794 262 1 
304 793 261 1 793 262 1 794 261 1 794 262 1 
305 794 261 1 794 262 1 
R 52
300 786 21 1 786 22 1 
301 786 21 1 786 22 1 
302 786 21 1 786 22 1 
303 785 21 1 785 22 1 786 21 1 786 22 1 
304 785 22 1 786 21 1 786 22 1 
305 785 21 1 785 22 1 786 21 1 786 22 1 
R 53
300 379 370 1 380 370 1 
301 379 370 1 380 370 1 
302 379 370 1 380 370 1 
303 379 370 1 379 371 1 380 370 1 380 371 1 
304 379 370 1 380 370 1 380 371 1 
305 379 370 1 379 371 1 380 370 1 380 371 1 
R 54
300 800 184 1 801 184 1 801 185 1 
301 800 184 1 800 185 1 801 184 1 801 185 1 
302 800 184 1 801 184 1 801 185 1 
303 800 184 1 801 184 1 801 185 1 
304 800 184 1 801 184 1 801 185 1 
305 800 184 1 801 184 1 801 185 1 
R 55
300 621 514 1 622 513 1 622 514 1 
301 621 514 1 622 513 1 622 514 1 
302 621 513 1 621 514 1 622 513 1 622 514 1 
303 621 513 1 622 513 1 622 514 1 
304 621 513 1 622 513 1 622 514 1 
305 621 513 1 621 514 1 622 513 1 622 514 1 
R 56
300 582 227 1 582 228 1 583 227 1 583 228 1 
301 582 228 1 582 229 1 583 228 1 583 229 1 
302 582 229 1 583 228 1 583 229 1 
303 583 229 1 583 230 1 
304 583 229 1 583 230 1 
305 583 229 1 583 230 1 
R 57
300 579 82 1 579 83 1 580 83 1 
301 579 82 1 579 83 1 580 82 1 580 83 1 
302 579 82 1 579 83 1 580 83 1 
303 578 83 1 579 82 1 579 83 1 
304 578 83 1 579 82 1 579 83 1 
305 578 81 1 578 82 1 579 81 1 579 82 1 
R 58
300 322 139 1 323 139 1 
301 322 139 1 323 139 1 
302 322 139 1 323 139 1 
303 322 139 1 
304 322 139 1 
305 322 139 1 
R 59
300 590 548 1 590 549 1 591 548 1 591 549 1 
301 590 548 1 590 549 1 591 548 1 591 549 1 
302 590 548 1 590 549 1 591 548 1 591 549 1 
303 591 548 1 591 549 1 
304 591 548 1 591 549 1 
305 591 548 1 591 549 1 
R 60
300 817 344 1 818 344 1 
301 817 344 1 818 344 1 
302 817 344 1 818 344 1 
303 817 343 1 817 344 1 818 343 1 818 344 1 
304 817 343 1 817 344 1 818 343 1 818 344 1 
305 817 343 1 817 344 1 818 344 1 
R 61
300 527 389 1 
301 527 389 1 
302 527 389 1 
303 527 389 1 527 390 1 
304 527 389 1 527 390 1 
305 527 389 1 527 390 1 
R 62
300 397 313 1 398 312 1 398 313 1 
301 397 312 1 397 313 1 398 312 1 398 313 1 
302 397 313 1 398 312 1 398 313 1 
303 397 313 1 398 312 1 398 313 1 
304 397 313 1 398 312 1 398 313 1 
305 397 313 1 398 312 1 398 313 1 
R 63
300 427 171 1 427 172 1 428 171 1 428 172 1 
301 427 171 1 427 172 1 428 172 1 
302 427 171 1 427 172 1 428 172 1 
303 427 171 1 427 172 1 428 171 1 428 172 1 
304 427 172 1 428 171 1 428 172 1 
305 427 171 1 427 172 1 428 171 1 428 172 1 
R 64
300 459 174 1 
301 459 174 1 
302 459 174 1 
303 459 174 1 
304 459 174 1 
305 459 174 1 
R 65
300 315 519 1 316 519 1 
301 315 519 1 316 519 1 
302 315 519 1 316 519 1 
303 315 519 1 315 520 1 316 519 1 316 520 1 
304 315 519 1 315 520 1 316 519 1 316 520 1 
305 315 519 1 315 520 1 316 519 1 316 520 1 
R 66
300 558 44 1 558 45 1 559 44 1 559 45 1 
301 558 44 1 558 45 1 559 45 1 
302 558 44 1 558 45 1 559 45 1 
303 558 44 1 558 45 1 559 44 1 559 45 1 
304 558 44 1 558 45 1 559 45 1 
305 558 44 1 558 45 1 559 44 1 559 45 1 
R 67
300 816 221 1 816 222 1 817 221 1 817 222 1 
301 816 221 1 816 222 1 817 221 1 
302 816 221 1 816 222 1 817 221 1 
303 816 221 1 816 222 1 817 221 1 
304 816 221 1 816 222 1 817 221 1 
305 816 221 1 817 221 1 
R 68
300 639 344 1 639 345 1 
301 639 344 1 639 345 1 
302 639 344 1 639 345 1 
303 638 343 1 638 344 1 639 343 1 639 344 1 
304 638 343 1 638 344 1 639 343 1 639 344 1 
305 638 344 1 638 345 1 639 344 1 639 345 1 
R 69
300 675 466 1 676 466 1 
301 675 466 1 676 466 1 
302 675 466 1 676 466 1 
303 675 466 1 676 466 1 676 467 1 
304 675 466 1 676 466 1 676 467 1 
305 675 466 1 676 466 1 676 467 1 
R 70
300 718 289 1 719 288 1 719 289 1 
301 718 289 1 719 288 1 719 289 1 
302 718 288 1 718 289 1 719 288 1 719 289 1 
303 718 289 1 719 288 1 719 289 1 
304 719 288 1 719 289 1 
305 719 288 1 719 289 1 
R 71
300 319 252 1 319 253 1 320 252 1 320 253 1 
301 319 252 1 319 253 1 320 252 1 320 253 1 
302 319 253 1 319 254 1 320 253 1 320 254 1 
303 319 254 1 320 253 1 320 254 1 
304 319 254 1 320 254 1 
305 319 254 1 320 254 1 
R 72
300 417 453 1 418 452 1 418 453 1 
301 417 452 1 417 453 1 418 452 1 418 453 1 
302 417 453 1 418 452 1 418 453 1 
303 417 452 1 417 453 1 418 452 1 418 453 1 
304 417 453 1 418 452 1 418 453 1 
305 417 452 1 417 453 1 418 452 1 418 453 1 
R 73
300 557 242 1 557 243 1 
301 557 242 1 557 243 1 
302 557 242 1 557 243 1 
303 556 242 1 557 242 1 557 243 1 
304 556 242 1 556 243 1 557 242 1 557 243 1 
305 556 242 1 557 242 1 560 245 1 561 245 1 
R 74
300 309 330 1 310 330 1 
301 309 330 1 310 330 1 
302 309 330 1 310 330 1 
303 309 329 1 309 330 1 310 330 1 
304 309 329 1 309 330 1 310 329 1 310 330 1 
305 309 329 1 309 330 1 310 329 1 310 330 1 
R 75
300 537 491 1 538 491 1 538 492 1 
301 537 491 1 538 491 1 538 492 1 
302 537 491 1 537 492 1 538 491 1 538 492 1 
303 537 491 1 537 492 1 538 491 1 538 492 1 
304 537 491 1 537 492 1 538 491 1 538 492 1 
305 537 491 1 537 492 1 538 491 1 538 492 1 
R 76
300 387 402 1 387 403 1 388 402 1 388 403 1 
301 387 402 1 387 403 1 388 402 1 388 403 1 
302 387 402 1 387 403 1 388 402 1 388 403 1 
303 387 402 1 387 403 1 388 403 1 
304 387 402 1 387 403 1 388 403 1 
305 387 402 1 387 403 1 388 403 1 
R 77
300 485 194 1 486 194 1 
301 485 194 1 486 194 1 
302 485 194 1 486 194 1 
303 485 193 1 485 194 1 486 194 1 
304 485 193 1 485 194 1 486 194 1 
305 485 193 1 485 194 1 486 194 1 
R 78
300 387 207 1 387 208 1 388 207 1 388 208 1 
301 387 207 1 387 208 1 388 207 1 388 208 1 
302 387 207 1 387 208 1 388 207 1 388 208 1 
303 387 207 1 388 207 1 388 208 1 
304 387 207 1 388 207 1 388 208 1 
305 387 207 1 388 207 1 388 208 1 
R 79
300 648 551 1 648 552 1 649 551 1 649 552 1 
301 648 551 1 648 552 1 649 551 1 649 552 1 
302 648 551 1 648 552 1 649 551 1 
303 648 551 1 648 552 1 649 551 1 
304 648 551 1 648 552 1 649 551 1 649 552 1 
305 648 551 1 648 552 1 649 551 1 
R 80
300 362 290 1 362 291 1 
301 362 290 1 362 291 1 
302 362 290 1 362 291 1 
303 361 290 1 362 290 1 362 291 1 
304 361 290 1 362 290 1 362 291 1 
305 361 290 1 362 290 1 362 291 1 
R 81
300 483 57 1 484 56 1 484 57 1 
301 483 56 1 483 57 1 484 56 1 484 57 1 
302 483 57 1 484 56 1 484 57 1 
303 483 57 1 484 57 1 
304 483 57 1 484 57 1 
305 483 57 1 484 57 1 
R 82
300 527 119 1 527 120 1 
301 527 119 1 527 120 1 
302 527 119 1 527 120 1 
303 527 119 1 527 120 1 
304 527 119 1 527 120 1 
305 527 119 1 527 120 1 
R 83
300 602 446 1 602 447 1 603 447 1 
301 602 446 1 602 447 1 603 446 1 603 447 1 
302 602 446 1 602 447 1 603 447 1 
303 602 446 1 602 447 1 603 447 1 
304 602 447 1 603 447 1 
305 602 447 1 603 447 1 
R 84
300 357 367 1 358 367 1 
301 357 367 1 358 367 1 
302 357 367 1 358 367 1 
303 357 367 1 358 366 1 358 367 1 
304 357 367 1 358 366 1 358 367 1 
305 357 367 1 358 366 1 358 367 1 
R 85
300 585 104 1 585 105 1 586 104 1 586 105 1 
301 585 104 1 585 105 1 586 104 1 586 105 1 
302 585 104 1 585 105 1 586 104 1 
303 585 104 1 585 105 1 586 104 1 586 105 1 
304 585 104 1 585 105 1 586 104 1 586 105 1 
305 585 104 1 585 105 1 586 104 1 
R 86
300 496 524 1 496 525 1 497 524 1 497 525 1 
301 496 524 1 496 525 1 497 525 1 
302 496 524 1 496 525 1 497 524 1 497 525 1 
303 496 524 1 496 525 1 497 525 1 
304 496 524 1 496 525 1 497 525 1 
305 496 524 1 496 525 1 497 524 1 497 525 1 
R 87
300 363 491 1 363 492 1 364 491 1 364 492 1 364 493 1 
301 363 491 1 363 492 1 364 491 1 364 492 1 
302 363 491 1 363 492 1 364 491 1 
303 363 491 1 363 492 1 364 491 1 
304 363 491 1 363 492 1 364 491 1 
305 363 491 1 
R 88
300 662 506 1 
301 662 506 1 
302 662 506 1 
303 662 506 1 
304 662 506 1 
305 662 506 1 
R 89
300 732 374 1 
301 732 374 1 
302 732 374 1 
303 732 374 1 
304 731 374 1 732 374 1 
305 731 374 1 732 374 1 
R 90
300 350 442 1 350 443 1 
301 350 442 1 350 443 1 
302 350 442 1 350 443 1 
303 350 443 1 
304 350 443 1 
305 350 443 1 
R 91
300 510 264 1 510 265 1 511 264 1 511 265 1 
301 510 264 1 510 265 1 511 264 1 511 265 1 
302 510 264 1 510 265 1 511 265 1 
303 510 265 1 
304 510 265 1 
305 510 265 1 
R 92
300 449 54 1 449 55 1 450 54 1 450 55 1 
301 449 54 1 450 54 1 450 55 1 
302 449 54 1 449 55 1 450 54 1 450 55 1 
303 449 54 1 450 54 1 450 55 1 
304 449 54 1 450 54 1 450 55 1 
305 449 54 1 450 54 1 450 55 1 
R 93
300 471 197 1 471 198 1 472 197 1 472 198 1 
301 471 197 1 471 198 1 472 197 1 472 198 1 
302 471 198 1 472 197 1 472 198 1 
303 472 198 1 
304 472 198 1 
305 472 198 1 
R 94
300 506 542 1 506 543 1 507 543 1 
301 506 542 1 506 543 1 507 542 1 507 543 1 
302 506 542 1 506 543 1 507 543 1 
303 506 543 1 
304 506 543 1 
305 506 543 1 
R 95
300 817 412 1 817 413 1 
301 817 412 1 817 413 1 
302 817 412 1 817 413 1 
303 817 412 1 817 413 1 818 412 1 818 413 1 
304 817 412 1 817 413 1 817 414 1 818 412 1 818 413 1 
305 817 412 1 817 413 1 818 412 1 818 413 1 
R 96
300 384 39 1 384 40 1 385 39 1 
301 384 39 1 384 40 1 385 39 1 
302 383 38 1 383 39 1 384 38 1 384 39 1 384 40 1 385 38 1 385 39 1 385 40 1 
303 384 39 1 384 40 1 385 39 1 
304 384 39 1 384 40 1 385 39 1 
305 384 39 1 384 40 1 385 39 1 385 40 1 
R 97
300 752 507 1 752 508 1 
301 752 507 1 752 508 1 
302 752 507 1 752 508 1 
303 751 508 1 752 507 1 752 508 1 
304 751 507 1 751 508 1 752 507 1 752 508 1 
305 751 507 1 751 508 1 752 507 1 752 508 1 
R 98
300 683 93 1 684 93 1 684 94 1 
301 683 93 1 684 93 1 684 94 1 
302 684 93 1 
303 684 93 1 
304 684 93 1 684 94 1 685 93 1 
305 684 93 1 684 94 1 685 93 1 
R 99
300 544 368 1 544 369 1 
301 544 368 1 544 369 1 
302 544 368 1 544 369 1 
303 544 368 1 
304 544 368 1 
305 544 368 1 
