0
156
25
25
73
24
25
25
24
26
23
27
34
26
26
38
26
60
26
26
27
26
26
26
26
44
25
26
31
27
26
26
26
26
26
26
27
25
26
78
33
28
33
26
26
25
25
25
25
26
27
26
25
25
27
37
27
25
25
26
26
31
26
26
28
25
26
26
26
27
26
26
26
26
27
26
26
26
26
49
26
35
26
27
26
26
25
25
27
25
26
27
27
25
26
68
26
27
26
25
26
26
26
25
90
26
62
27
26
25
27
26
26
25
26
25
25
26
26
31
26
26
26
26
26
26
26
26
26
39
25
26
26
27
26
29
26
25
26
26
25
26
25
26
26
25
53
26
26
26
27
27
26
25
26
26
26
27
25
53
25
32
26
27
27
26
34
25
27
137
26
25
34
26
32
26
26
25
26
26
62
25
25
25
26
25
32
26
26
26
26
26
26
71
27
27
26
27
26
26
27
25
29
45
27
26
26
79
26
25
26
26
26
26
26
25
27
26
27
25
25
26
26
26
26
30
44
27
26
26
28
26
26
26
26
26
26
37
26
25
48
26
25
25
25
26
26
54
26
26
25
25
26
26
28
26
26
92
26
25
25
25
26
26
26
25
26
26
25
27
26
27
26
26
26
26
26
26
27
27
26
26
26
26
26
26
27
26
25
56
26
26
26
26
26
27
92
44
26
27
26
25
26
27
26
26
25
39
26
26
25
26
41
26
26
26
26
25
25
27
25
25
27
26
25
26
26
28
26
26
25
25
26
26
26
26
36
27
25
29
26
26
26
46
26
25
26
113
26
26
27
25
26
26
107
25
27
25
25
36
25
26
25
25
25
27
25
26
26
26
26
26
26
26
33
26
26
27
26
41
27
26
26
26
42
25
26
28
85
94
25
26
25
27
26
26
26
26
26
25
35
42
46
26
26
27
27
26
26
52
33
26
25
26
25
26
25
25
25
27
26
26
26
88
26
26
165
25
26
26
25
25
26
26
32
26
26
26
34
27
25
27
50
25
26
27
26
28
26
26
26
26
25
28
26
26
42
25
25
27
26
25
25
25
26
26
26
25
35
25
53
34
25
26
41
73
26
25
26
26
26
25
26
26
26
25
26
25
26
26
26
26
25
52
118
26
25
26
26
26
25
25
47
25
27
25
25
26
26
25
26
26
25
25
27
26
26
25
26
25
25
26
39
26
25
27
25
25
26
26
27
26
25
48
26
26
27
27
26
30
26
26
26
26
26
34
26
25
26
25
27
26
28
58
25
25
27
28
26
26
26
26
29
26
26
26
26
25
25
25
25
26
27
26
44
29
27
26
25
25
26
25
26
27
27
26
26
26
26
26
26
25
26
29
26
26
33
26
25
27
29
26
26
26
49
26
26
27
27
27
26
26
26
66
26
26
27
25
45
26
27
26
26
25
26
27
29
26
52
70
25
26
25
25
27
25
25
29
25
26
26
25
27
26
70
26
61
26
25
26
26
26
25
26
26
26
26
27
103
26
26
33
25
26
85
26
27
59
27
26
25
26
26
26
26
41
26
26
26
26
26
25
26
26
25
36
26
26
26
30
26
26
35
26
26
25
25
26
27
26
52
25
26
26
83
26
26
25
26
25
31
63
27
26
26
25
26
55
27
26
63
26
26
25
26
26
26
26
25
26
44
25
25
